50
6906
353160
1 61 2
1 76 1
1 89 1
1 211 1
1 296 1
1 335 1
1 404 1
1 441 1
1 454 2
1 463 1
1 555 1
1 593 1
1 779 1
1 841 2
1 913 1
1 983 1
1 1116 1
1 1140 1
1 1206 2
1 1219 2
1 1263 1
1 1266 1
1 1267 1
1 1297 2
1 1298 2
1 1316 1
1 1323 2
1 1434 1
1 1534 1
1 1535 1
1 1683 1
1 1715 1
1 1837 2
1 1901 2
1 1919 1
1 2033 1
1 2101 1
1 2111 1
1 2275 1
1 2403 1
1 2640 2
1 2701 1
1 2742 1
1 2953 1
1 3005 2
1 3007 2
1 3112 1
1 3117 1
1 3142 1
1 3219 3
1 3238 2
1 3282 2
1 3310 1
1 3350 1
1 3399 1
1 3420 3
1 3452 1
1 3516 1
1 3534 1
1 3581 1
1 3708 1
1 3745 1
1 3806 1
1 3873 1
1 3929 5
1 3973 1
1 4113 1
1 4143 1
1 4196 1
1 4301 2
1 4347 1
1 4489 1
1 4497 4
1 4560 1
1 4565 1
1 4712 1
1 4735 1
1 4861 1
1 5004 1
1 5017 1
1 5114 1
1 5156 1
1 5185 2
1 5189 1
1 5241 1
1 5262 1
1 5287 1
1 5408 1
1 5517 1
1 5561 1
1 5728 1
1 6021 1
1 6429 1
1 6613 1
1 6622 1
1 6659 1
1 6662 2
1 6689 4
1 6724 1
1 6732 1
1 6815 1
1 6867 2
1 6869 1
1 6905 1
2 232 2
2 463 1
2 689 1
2 707 1
2 714 2
2 841 1
2 873 1
2 879 1
2 1063 1
2 1116 1
2 1187 1
2 1497 1
2 1510 1
2 1535 1
2 1587 1
2 1940 1
2 2111 1
2 2494 1
2 2640 1
2 2758 2
2 3070 1
2 3187 2
2 3350 2
2 3420 6
2 3422 1
2 3874 1
2 3913 1
2 3968 2
2 3991 1
2 4232 1
2 4235 1
2 4281 1
2 4290 1
2 4293 1
2 4579 1
2 4599 1
2 4604 1
2 4639 3
2 5190 1
2 5229 1
2 5524 2
2 5582 1
2 5810 2
2 5843 1
2 5894 2
2 6134 1
2 6299 1
2 6434 1
2 6511 1
2 6606 2
2 6621 2
2 6655 2
2 6689 2
2 6707 1
2 6715 2
2 6867 1
3 21 1
3 40 2
3 88 1
3 116 1
3 225 1
3 264 1
3 391 1
3 434 1
3 445 1
3 463 1
3 510 1
3 691 1
3 735 1
3 737 1
3 738 1
3 744 1
3 841 2
3 848 1
3 866 1
3 869 1
3 938 1
3 987 1
3 989 1
3 990 1
3 992 1
3 1064 1
3 1079 1
3 1081 1
3 1334 1
3 1467 1
3 1510 1
3 1516 1
3 1587 1
3 1655 1
3 1664 1
3 1666 1
3 1766 1
3 1850 1
3 1951 1
3 2000 1
3 2030 1
3 2032 2
3 2093 1
3 2215 1
3 2227 1
3 2318 1
3 2559 1
3 2582 1
3 2640 2
3 2719 2
3 2965 1
3 3005 2
3 3070 1
3 3339 1
3 3420 2
3 3433 1
3 3447 1
3 3458 1
3 3472 1
3 3593 1
3 3665 1
3 3671 1
3 3717 1
3 3858 1
3 3889 1
3 3903 1
3 3916 1
3 3991 1
3 4004 1
3 4073 1
3 4116 1
3 4149 1
3 4194 1
3 4196 10
3 4268 1
3 4281 1
3 4285 1
3 4340 1
3 4451 1
3 4483 1
3 4546 1
3 4589 1
3 4632 2
3 4635 2
3 4662 1
3 4686 1
3 4761 1
3 4858 1
3 4860 1
3 4941 1
3 4942 1
3 4945 1
3 4949 1
3 5049 1
3 5173 1
3 5183 1
3 5186 2
3 5187 1
3 5487 1
3 5511 1
3 5528 1
3 5545 1
3 5552 2
3 5553 1
3 5764 1
3 5840 1
3 5890 1
3 5909 1
3 5914 1
3 5944 1
3 5955 1
3 5960 1
3 6067 2
3 6088 1
3 6284 1
3 6543 1
3 6546 1
3 6562 1
3 6584 1
3 6618 1
3 6659 4
3 6660 1
3 6661 2
3 6664 3
3 6674 1
3 6689 1
3 6711 1
3 6714 1
3 6715 1
3 6785 1
4 48 1
4 49 1
4 108 1
4 168 1
4 287 1
4 441 2
4 463 1
4 879 5
4 954 1
4 1001 1
4 1104 1
4 1296 1
4 1298 1
4 1372 1
4 1417 1
4 1446 1
4 1524 1
4 1531 3
4 1547 1
4 1643 1
4 1802 1
4 1837 1
4 1941 1
4 1988 1
4 2031 2
4 2220 1
4 2226 1
4 2275 1
4 2561 1
4 2565 6
4 2632 1
4 2722 1
4 2812 1
4 3005 2
4 3072 1
4 3138 1
4 3243 2
4 3378 1
4 3410 1
4 3506 1
4 3521 4
4 3584 1
4 3660 1
4 3732 1
4 3761 1
4 3800 1
4 3847 1
4 3858 1
4 3873 1
4 4014 1
4 4143 1
4 4299 2
4 4393 2
4 4452 1
4 4533 3
4 4623 3
4 4685 1
4 4740 1
4 4742 1
4 4747 1
4 4779 2
4 4837 4
4 4864 1
4 4874 3
4 4886 3
4 4926 1
4 4941 2
4 5138 1
4 5150 1
4 5167 3
4 5586 15
4 5657 1
4 5671 2
4 5681 14
4 5705 1
4 5787 1
4 5914 1
4 5915 1
4 5937 1
4 5944 1
4 5960 1
4 5971 1
4 6296 2
4 6299 1
4 6358 1
4 6423 1
4 6463 1
4 6707 1
4 6878 1
4 6884 2
4 6892 1
5 95 1
5 103 1
5 168 1
5 238 1
5 253 1
5 334 1
5 441 3
5 443 1
5 463 1
5 502 1
5 841 9
5 846 1
5 847 3
5 857 1
5 879 1
5 883 1
5 893 1
5 931 4
5 1051 2
5 1219 1
5 1296 1
5 1298 1
5 1374 1
5 1383 1
5 1475 1
5 1484 1
5 1535 1
5 1627 1
5 1773 1
5 1803 1
5 1916 1
5 1935 1
5 1996 1
5 2028 1
5 2030 1
5 2031 1
5 2033 1
5 2052 2
5 2082 1
5 2097 1
5 2218 1
5 2220 1
5 2261 1
5 2270 2
5 2275 1
5 2286 2
5 2386 1
5 2470 1
5 2522 1
5 2640 1
5 2646 1
5 2732 1
5 2935 1
5 2977 1
5 2978 1
5 3005 1
5 3137 3
5 3138 1
5 3279 1
5 3282 1
5 3344 2
5 3378 1
5 3390 1
5 3414 1
5 3420 3
5 3422 2
5 3660 1
5 3693 1
5 3764 1
5 3791 1
5 3858 3
5 3872 1
5 3873 1
5 3888 1
5 4005 1
5 4117 3
5 4118 1
5 4147 1
5 4258 1
5 4268 1
5 4270 1
5 4298 1
5 4299 1
5 4494 1
5 4497 4
5 4616 1
5 4632 2
5 4658 2
5 4703 1
5 4733 1
5 4734 2
5 4735 4
5 4736 1
5 4747 1
5 4886 1
5 4941 1
5 4993 1
5 5071 1
5 5100 1
5 5138 1
5 5185 1
5 5346 1
5 5624 1
5 5681 2
5 5705 1
5 5706 1
5 5787 1
5 5887 1
5 5911 1
5 5924 1
5 5937 1
5 5944 1
5 5967 1
5 5971 1
5 5988 1
5 5998 1
5 6166 1
5 6224 1
5 6244 1
5 6333 1
5 6343 1
5 6344 1
5 6358 1
5 6423 1
5 6463 1
5 6511 1
5 6662 1
5 6671 1
5 6686 1
5 6689 1
5 6705 1
5 6711 1
5 6745 1
5 6878 1
5 6880 1
5 6885 1
5 6892 1
6 463 1
6 500 1
6 686 1
6 705 1
6 841 4
6 1173 1
6 1395 1
6 2321 1
6 2388 1
6 2640 1
6 2719 1
6 2795 2
6 3420 4
6 3632 1
6 3840 1
6 3971 1
6 4060 1
6 4134 1
6 4139 1
6 4143 1
6 4479 4
6 5244 3
6 5420 1
6 5552 3
6 5722 1
6 6110 4
6 6115 1
6 6403 1
6 6705 1
7 284 1
7 329 1
7 438 1
7 441 3
7 448 1
7 463 1
7 753 1
7 841 7
7 871 1
7 878 1
7 879 5
7 935 1
7 989 1
7 1051 1
7 1218 1
7 1467 1
7 1479 1
7 1524 1
7 1585 1
7 1709 1
7 1712 1
7 1900 1
7 2173 1
7 2202 2
7 2209 1
7 2336 1
7 2362 1
7 2610 1
7 2640 1
7 2794 1
7 2795 1
7 2900 1
7 2949 1
7 3119 1
7 3137 2
7 3200 1
7 3420 2
7 3422 3
7 3534 1
7 3613 1
7 3786 2
7 3945 1
7 4117 3
7 4262 1
7 4270 1
7 4310 1
7 4497 2
7 4599 1
7 4635 1
7 4904 1
7 4920 1
7 4994 1
7 5051 1
7 5236 1
7 5365 1
7 5386 2
7 5412 1
7 5707 1
7 5743 1
7 6221 1
7 6296 1
7 6365 1
7 6451 1
7 6470 1
7 6487 1
7 6513 1
7 6659 2
7 6662 1
7 6689 1
8 319 2
8 463 1
8 842 2
8 871 1
8 894 1
8 1129 1
8 1135 1
8 1221 1
8 1709 1
8 1772 1
8 2610 2
8 2640 2
8 3420 1
8 3421 2
8 3507 1
8 3534 1
8 4005 2
8 4205 2
8 4268 1
8 4270 1
8 4311 1
8 4570 2
8 4632 1
8 4915 1
8 4941 1
8 5074 1
8 5100 2
8 5244 3
8 5551 1
8 5658 1
8 5840 1
8 5854 1
8 6296 1
8 6661 1
8 6662 4
8 6780 1
9 76 1
9 296 1
9 319 2
9 335 1
9 454 2
9 463 1
9 841 3
9 894 1
9 1219 2
9 1221 1
9 1534 1
9 1772 1
9 2033 1
9 2336 1
9 2337 2
9 2640 3
9 2701 1
9 2742 1
9 2951 2
9 2953 1
9 3007 2
9 3106 1
9 3142 1
9 3282 1
9 3420 3
9 3507 1
9 3534 1
9 3707 1
9 3786 1
9 3793 1
9 3929 2
9 4113 1
9 4115 1
9 4143 1
9 4205 1
9 4268 1
9 4311 1
9 4489 1
9 4497 6
9 4632 1
9 4735 2
9 4861 1
9 4915 1
9 4935 1
9 4993 1
9 5042 1
9 5244 1
9 5287 1
9 5551 1
9 5552 1
9 5658 1
9 5728 1
9 5818 2
9 5854 1
9 6268 1
9 6510 2
9 6524 1
9 6662 2
9 6689 1
9 6780 1
9 6867 2
10 229 2
10 463 1
10 689 1
10 707 1
10 733 1
10 820 1
10 872 1
10 922 1
10 1025 1
10 1058 1
10 1187 1
10 1487 1
10 2413 1
10 2640 1
10 3133 1
10 3231 1
10 3534 1
10 3589 1
10 3830 1
10 3858 1
10 4014 1
10 4150 1
10 4885 1
10 5036 1
10 5062 1
10 5273 5
10 5314 1
10 5517 1
10 5552 1
10 5678 1
10 5792 1
10 6134 1
10 6511 1
10 6561 1
11 78 1
11 121 1
11 178 1
11 296 2
11 426 1
11 463 1
11 512 1
11 636 3
11 667 3
11 820 1
11 841 1
11 842 1
11 859 1
11 872 1
11 879 1
11 1058 3
11 1084 1
11 1090 1
11 1091 2
11 1116 2
11 1122 1
11 1611 1
11 1736 1
11 1904 1
11 2183 1
11 2184 1
11 2372 1
11 2413 1
11 2522 1
11 2576 2
11 2839 5
11 3243 1
11 3282 1
11 3299 1
11 3322 2
11 3350 1
11 3420 3
11 3421 1
11 3829 1
11 3830 1
11 3858 3
11 4438 1
11 4656 1
11 4658 1
11 4735 1
11 4926 1
11 5039 1
11 5051 1
11 5074 1
11 5125 1
11 5314 3
11 5445 1
11 5542 3
11 5587 1
11 5782 1
11 5787 1
11 5840 1
11 5960 1
11 5965 1
11 6079 1
11 6149 1
11 6325 1
11 6377 1
11 6594 1
11 6619 2
11 6686 1
11 6689 1
11 6852 1
11 6894 1
12 21 1
12 40 2
12 88 1
12 116 1
12 181 1
12 225 1
12 264 1
12 322 2
12 391 1
12 434 1
12 445 1
12 453 1
12 463 1
12 496 1
12 510 1
12 512 3
12 543 1
12 603 1
12 620 1
12 621 1
12 691 1
12 735 1
12 737 1
12 738 1
12 744 1
12 795 1
12 841 2
12 847 1
12 848 1
12 866 1
12 869 1
12 879 1
12 894 1
12 935 2
12 938 1
12 983 1
12 987 3
12 989 1
12 990 1
12 992 1
12 1064 1
12 1079 1
12 1081 1
12 1124 1
12 1132 1
12 1168 1
12 1173 2
12 1174 3
12 1259 1
12 1297 1
12 1334 1
12 1422 1
12 1433 1
12 1443 1
12 1467 1
12 1491 1
12 1516 1
12 1518 1
12 1597 1
12 1655 1
12 1663 1
12 1664 1
12 1666 1
12 1678 1
12 1755 1
12 1774 1
12 1816 1
12 1837 1
12 1850 1
12 1951 1
12 1982 1
12 2000 1
12 2015 1
12 2021 1
12 2030 1
12 2031 1
12 2032 7
12 2093 1
12 2184 4
12 2215 1
12 2227 1
12 2318 1
12 2383 1
12 2386 2
12 2460 2
12 2495 1
12 2522 1
12 2559 1
12 2582 1
12 2600 1
12 2640 2
12 2706 2
12 2712 1
12 2719 2
12 2838 1
12 2953 1
12 2965 1
12 3005 3
12 3047 1
12 3066 1
12 3084 2
12 3096 2
12 3133 1
12 3175 1
12 3238 1
12 3339 1
12 3360 1
12 3420 3
12 3433 1
12 3447 1
12 3458 1
12 3472 1
12 3514 1
12 3593 1
12 3665 1
12 3671 1
12 3717 1
12 3727 1
12 3742 3
12 3753 1
12 3852 4
12 3858 2
12 3889 1
12 3903 1
12 3916 1
12 4004 1
12 4073 1
12 4113 3
12 4116 1
12 4149 1
12 4194 1
12 4196 10
12 4268 1
12 4285 1
12 4305 1
12 4340 1
12 4378 1
12 4442 1
12 4447 2
12 4451 1
12 4483 1
12 4546 1
12 4579 2
12 4589 1
12 4632 2
12 4635 2
12 4644 1
12 4662 1
12 4665 2
12 4686 1
12 4736 4
12 4761 1
12 4824 1
12 4839 2
12 4840 1
12 4858 1
12 4860 1
12 4926 1
12 4941 3
12 4942 1
12 4945 1
12 4949 1
12 5017 1
12 5049 1
12 5072 1
12 5137 1
12 5173 1
12 5175 1
12 5183 1
12 5185 2
12 5186 4
12 5187 1
12 5220 1
12 5487 1
12 5511 1
12 5525 1
12 5528 1
12 5545 1
12 5552 2
12 5553 1
12 5706 1
12 5764 1
12 5808 1
12 5840 4
12 5845 1
12 5890 1
12 5891 4
12 5896 4
12 5909 1
12 5914 1
12 5941 1
12 5944 1
12 5951 1
12 5955 1
12 5960 1
12 6006 1
12 6067 2
12 6083 1
12 6088 1
12 6142 1
12 6143 1
12 6198 1
12 6266 1
12 6269 1
12 6278 1
12 6284 1
12 6377 1
12 6429 1
12 6543 1
12 6546 1
12 6547 1
12 6562 1
12 6584 1
12 6659 5
12 6660 1
12 6661 2
12 6662 1
12 6663 8
12 6664 3
12 6674 1
12 6689 1
12 6694 1
12 6711 1
12 6714 1
12 6767 1
12 6785 1
12 6796 1
12 6824 2
12 6852 1
12 6880 1
12 6881 3
13 40 2
13 88 1
13 116 1
13 225 1
13 248 1
13 382 1
13 391 1
13 652 1
13 735 1
13 737 1
13 738 1
13 811 1
13 841 1
13 848 1
13 866 1
13 869 1
13 922 1
13 979 1
13 987 1
13 989 1
13 990 1
13 992 1
13 1030 1
13 1052 1
13 1064 1
13 1069 1
13 1079 1
13 1084 1
13 1236 1
13 1334 1
13 1350 1
13 1379 1
13 1389 1
13 1401 1
13 1467 1
13 1469 1
13 1516 1
13 1518 1
13 1546 1
13 1569 1
13 1655 1
13 1664 1
13 1666 1
13 1850 1
13 1930 1
13 1951 1
13 2000 1
13 2023 1
13 2030 2
13 2032 2
13 2093 1
13 2227 2
13 2292 1
13 2318 1
13 2350 1
13 2541 1
13 2582 1
13 2599 1
13 2640 2
13 2719 2
13 2884 1
13 2965 1
13 2978 1
13 3005 2
13 3012 1
13 3034 1
13 3082 1
13 3096 1
13 3130 1
13 3264 1
13 3272 1
13 3420 2
13 3442 1
13 3458 1
13 3472 1
13 3522 1
13 3593 1
13 3665 1
13 3671 1
13 3688 1
13 3714 1
13 3814 1
13 3821 1
13 3833 1
13 3858 2
13 3889 1
13 3903 1
13 3916 1
13 3936 1
13 3990 1
13 4004 1
13 4116 1
13 4149 1
13 4178 1
13 4189 1
13 4194 1
13 4196 10
13 4198 1
13 4201 1
13 4247 1
13 4285 1
13 4340 1
13 4393 1
13 4451 1
13 4494 1
13 4505 2
13 4546 1
13 4589 1
13 4632 2
13 4635 1
13 4686 1
13 4732 1
13 4747 1
13 4758 1
13 4761 1
13 4804 1
13 4858 1
13 4885 1
13 4910 1
13 4914 1
13 4942 1
13 4945 1
13 4948 1
13 4965 1
13 5049 1
13 5079 1
13 5186 2
13 5187 1
13 5325 1
13 5339 1
13 5487 1
13 5528 1
13 5545 1
13 5552 2
13 5579 1
13 5620 1
13 5764 1
13 5840 1
13 5886 1
13 5890 1
13 5914 1
13 5944 1
13 5955 1
13 5960 1
13 6029 1
13 6067 1
13 6284 1
13 6296 1
13 6367 4
13 6438 1
13 6451 2
13 6453 1
13 6562 1
13 6584 1
13 6622 1
13 6626 1
13 6660 1
13 6661 1
13 6662 1
13 6664 3
13 6689 1
13 6714 1
13 6817 1
13 6887 1
13 6891 1
14 254 1
14 463 1
14 478 1
14 500 2
14 501 1
14 893 1
14 997 1
14 1296 1
14 1837 1
14 1844 1
14 1849 1
14 1980 1
14 2031 1
14 2703 1
14 3005 1
14 3540 1
14 3691 1
14 4286 1
14 4585 1
14 4627 1
14 4665 1
14 4727 1
14 5323 2
14 5387 1
14 5487 1
14 5517 1
14 6151 1
14 6256 1
14 6278 1
14 6844 1
15 75 1
15 78 1
15 138 1
15 184 1
15 254 1
15 463 1
15 500 2
15 501 1
15 667 1
15 706 1
15 879 1
15 883 4
15 893 2
15 894 2
15 997 1
15 1052 1
15 1186 1
15 1231 1
15 1361 1
15 1365 2
15 1439 2
15 1769 1
15 1837 1
15 1844 1
15 1849 3
15 1890 8
15 1911 2
15 2031 1
15 2082 1
15 2087 2
15 2088 1
15 2107 1
15 2176 1
15 2213 1
15 2217 1
15 2265 1
15 2321 1
15 2362 1
15 2543 1
15 2581 1
15 2594 2
15 2703 2
15 2799 1
15 2815 1
15 2826 1
15 3005 3
15 3310 1
15 3327 1
15 3341 2
15 3454 1
15 3529 1
15 3540 1
15 3572 1
15 3591 1
15 3636 1
15 3672 1
15 3750 1
15 3825 1
15 3827 1
15 3992 1
15 4016 1
15 4019 1
15 4058 1
15 4084 1
15 4140 1
15 4165 1
15 4205 2
15 4216 1
15 4286 1
15 4393 1
15 4434 1
15 4627 1
15 4727 1
15 4738 1
15 4904 1
15 4910 1
15 4921 1
15 4941 1
15 4942 2
15 5012 1
15 5143 1
15 5195 1
15 5286 1
15 5462 1
15 5517 1
15 5538 1
15 5552 1
15 5639 1
15 5808 1
15 5875 1
15 5891 1
15 5957 1
15 6135 1
15 6151 1
15 6256 1
15 6328 1
15 6543 1
15 6745 1
15 6828 1
15 6844 1
16 63 1
16 65 1
16 67 1
16 78 1
16 151 1
16 238 2
16 246 2
16 276 1
16 284 2
16 314 1
16 387 3
16 427 1
16 453 1
16 463 1
16 497 1
16 565 1
16 583 1
16 675 1
16 721 1
16 749 1
16 772 1
16 815 1
16 841 1
16 879 1
16 883 8
16 893 2
16 894 11
16 963 1
16 991 1
16 1000 1
16 1024 1
16 1051 1
16 1052 1
16 1058 1
16 1161 1
16 1167 1
16 1205 1
16 1206 1
16 1207 1
16 1212 1
16 1236 1
16 1241 1
16 1280 1
16 1290 1
16 1311 2
16 1312 1
16 1314 1
16 1345 2
16 1349 1
16 1414 1
16 1433 1
16 1460 1
16 1468 1
16 1475 1
16 1524 1
16 1562 1
16 1567 9
16 1587 1
16 1600 1
16 1601 1
16 1622 1
16 1625 1
16 1642 1
16 1643 1
16 1664 4
16 1666 3
16 1727 1
16 1741 1
16 1773 1
16 1774 1
16 1780 1
16 1791 1
16 1837 2
16 1883 1
16 1886 2
16 1890 3
16 1911 1
16 1921 1
16 1935 1
16 1953 1
16 2021 1
16 2022 2
16 2030 1
16 2046 3
16 2097 1
16 2112 1
16 2123 1
16 2125 1
16 2216 2
16 2218 1
16 2234 1
16 2263 2
16 2269 1
16 2275 3
16 2278 1
16 2362 1
16 2378 2
16 2383 1
16 2409 1
16 2456 1
16 2522 1
16 2543 1
16 2576 1
16 2594 1
16 2600 1
16 2654 1
16 2673 2
16 2703 2
16 2738 1
16 2748 2
16 2750 2
16 2797 1
16 2799 2
16 2893 1
16 2907 1
16 2926 1
16 2932 1
16 2984 1
16 3005 5
16 3056 1
16 3067 1
16 3123 4
16 3130 1
16 3138 1
16 3228 1
16 3229 1
16 3239 3
16 3243 1
16 3313 1
16 3341 2
16 3344 1
16 3375 1
16 3376 1
16 3413 1
16 3591 1
16 3594 1
16 3660 1
16 3672 1
16 3678 1
16 3690 1
16 3735 1
16 3737 1
16 3752 1
16 3754 1
16 3786 1
16 3827 2
16 3849 1
16 3850 2
16 3858 2
16 3871 1
16 3897 1
16 3968 1
16 3984 1
16 3985 1
16 3998 7
16 4016 2
16 4026 3
16 4032 1
16 4058 1
16 4065 1
16 4093 2
16 4116 1
16 4135 2
16 4165 1
16 4196 1
16 4204 1
16 4281 7
16 4291 1
16 4300 1
16 4317 1
16 4332 1
16 4368 1
16 4414 1
16 4434 3
16 4442 4
16 4469 1
16 4494 1
16 4542 1
16 4570 3
16 4599 2
16 4604 2
16 4625 2
16 4661 1
16 4690 1
16 4695 1
16 4738 2
16 4810 1
16 4835 1
16 4892 1
16 4908 1
16 4910 1
16 4926 1
16 4930 1
16 4937 3
16 4939 1
16 4942 1
16 4951 1
16 4956 1
16 4957 1
16 4987 1
16 5036 1
16 5143 1
16 5156 1
16 5177 1
16 5182 1
16 5185 2
16 5220 1
16 5234 1
16 5254 1
16 5286 2
16 5336 1
16 5347 1
16 5386 6
16 5412 1
16 5476 3
16 5518 6
16 5536 1
16 5565 1
16 5616 1
16 5666 1
16 5684 1
16 5686 1
16 5713 1
16 5782 2
16 5785 1
16 5791 1
16 5810 1
16 5826 2
16 5957 1
16 5987 1
16 6006 1
16 6021 1
16 6028 1
16 6078 6
16 6082 1
16 6144 1
16 6157 1
16 6190 1
16 6238 1
16 6253 1
16 6319 2
16 6507 1
16 6622 3
16 6626 1
16 6658 1
16 6662 2
16 6708 1
16 6710 2
16 6740 1
16 6759 1
16 6760 1
16 6761 1
16 6785 5
16 6792 1
16 6798 5
16 6828 1
16 6834 1
16 6847 1
16 6864 1
16 6865 2
16 6879 1
16 6890 1
17 76 2
17 241 1
17 276 1
17 339 1
17 463 1
17 464 1
17 634 1
17 721 1
17 1553 1
17 1681 1
17 1996 1
17 2000 1
17 2006 1
17 2021 1
17 2073 1
17 2125 1
17 2390 1
17 2608 1
17 2699 1
17 2703 2
17 2764 1
17 2799 1
17 2826 1
17 3344 1
17 3346 3
17 3422 1
17 3472 1
17 3581 1
17 3582 1
17 3858 2
17 3936 1
17 4146 1
17 4414 1
17 4434 1
17 4556 1
17 4585 1
17 4658 1
17 4737 1
17 4738 1
17 4987 1
17 5244 1
17 5666 1
17 5987 1
17 5988 1
17 6006 2
17 6157 1
17 6303 1
17 6333 1
17 6343 1
17 6689 1
17 6832 1
17 6837 1
17 6847 1
18 76 2
18 241 1
18 276 1
18 339 1
18 463 1
18 464 1
18 470 1
18 634 1
18 691 1
18 841 2
18 1154 1
18 1444 1
18 1553 1
18 1666 1
18 1681 1
18 1996 1
18 2000 1
18 2006 1
18 2073 1
18 2125 1
18 2390 1
18 2608 1
18 2699 1
18 2703 1
18 2764 1
18 2826 1
18 3344 1
18 3346 3
18 3374 1
18 3422 1
18 3472 1
18 3581 2
18 3582 1
18 3600 1
18 3858 1
18 3936 1
18 4146 1
18 4332 1
18 4556 1
18 4585 1
18 4658 1
18 4735 2
18 4737 1
18 5165 1
18 5244 1
18 5987 1
18 5988 1
18 6006 1
18 6303 1
18 6333 1
18 6343 1
18 6660 1
18 6689 1
18 6832 1
18 6837 1
19 38 1
19 139 2
19 140 1
19 158 1
19 213 1
19 217 1
19 237 2
19 329 1
19 384 1
19 397 1
19 402 1
19 441 1
19 463 1
19 470 1
19 497 1
19 500 1
19 639 1
19 691 1
19 772 1
19 777 5
19 841 5
19 1031 3
19 1032 1
19 1141 1
19 1154 3
19 1298 1
19 1368 1
19 1384 1
19 1444 1
19 1492 1
19 1666 1
19 1731 1
19 1752 1
19 2021 1
19 2024 4
19 2149 1
19 2237 1
19 2239 1
19 2285 1
19 2364 2
19 2447 1
19 2520 1
19 2543 1
19 2549 7
19 2654 1
19 2703 1
19 2815 1
19 3254 1
19 3275 1
19 3282 1
19 3374 3
19 3491 2
19 3497 1
19 3521 1
19 3536 1
19 3581 1
19 3600 1
19 3929 1
19 3968 1
19 4083 1
19 4102 1
19 4103 1
19 4178 3
19 4332 2
19 4477 1
19 4585 2
19 4617 1
19 4685 1
19 4691 1
19 4703 1
19 4735 2
19 4815 1
19 4892 1
19 4908 1
19 4932 1
19 5025 1
19 5092 1
19 5165 1
19 5213 1
19 5349 3
19 5360 1
19 5566 3
19 5670 1
19 5678 1
19 5681 1
19 5765 1
19 5894 1
19 5998 1
19 6031 1
19 6071 1
19 6150 1
19 6223 1
19 6324 1
19 6364 1
19 6421 1
19 6660 1
19 6689 4
19 6702 1
19 6824 1
19 6894 2
20 38 1
20 48 1
20 213 1
20 217 1
20 237 2
20 384 1
20 402 1
20 463 1
20 587 1
20 772 2
20 841 2
20 871 1
20 879 6
20 1011 1
20 1031 2
20 1154 1
20 1298 2
20 1396 1
20 1444 1
20 1480 1
20 1642 1
20 1657 1
20 1752 1
20 1837 1
20 2024 1
20 2031 1
20 2181 2
20 2274 1
20 2285 1
20 2486 1
20 2518 1
20 2565 3
20 2597 2
20 2703 1
20 2722 1
20 2815 1
20 3005 1
20 3272 1
20 3282 1
20 3374 1
20 3521 4
20 3536 1
20 3732 1
20 3800 1
20 3929 1
20 3968 1
20 4083 1
20 4142 1
20 4299 1
20 4355 1
20 4393 2
20 4429 1
20 4438 1
20 4494 1
20 4533 2
20 4534 1
20 4623 3
20 4627 1
20 4635 1
20 4685 1
20 4738 1
20 4833 3
20 4885 1
20 5025 1
20 5119 1
20 5167 3
20 5225 1
20 5349 1
20 5586 6
20 5678 1
20 5681 5
20 5705 1
20 5896 1
20 5915 3
20 5944 1
20 5998 1
20 6046 1
20 6051 1
20 6115 1
20 6150 1
20 6237 1
20 6324 1
20 6364 1
20 6411 1
20 6427 1
20 6463 1
20 6689 1
20 6702 1
20 6878 1
20 6884 2
20 6894 2
21 229 1
21 463 1
21 689 1
21 707 1
21 733 2
21 838 1
21 841 1
21 922 2
21 1396 1
21 1480 1
21 1989 1
21 2031 1
21 2205 1
21 2356 1
21 2597 1
21 2640 1
21 2719 1
21 2758 1
21 3005 1
21 3133 1
21 3231 1
21 3420 1
21 3521 1
21 3534 1
21 3589 1
21 3632 1
21 4150 1
21 4178 1
21 4438 1
21 4479 1
21 4623 1
21 4632 1
21 4635 1
21 4735 1
21 4942 2
21 5062 1
21 5167 1
21 5226 1
21 5273 1
21 5517 1
21 5552 2
21 5586 1
21 5678 1
21 5681 1
21 5792 1
21 5840 2
21 5896 1
21 5944 1
21 5967 1
21 6110 1
21 6115 1
21 6134 1
21 6284 1
21 6403 1
21 6427 1
22 880 1
22 1250 1
22 1642 3
22 1709 1
22 2031 1
22 2371 1
22 2385 1
22 2480 1
22 3005 1
22 3219 1
22 3282 1
22 3502 2
22 3692 1
22 3998 2
22 4016 2
22 4247 1
22 4324 1
22 4568 1
22 4958 1
22 5552 1
22 6079 1
22 6837 1
23 33 1
23 47 1
23 57 1
23 78 1
23 103 2
23 108 1
23 147 3
23 151 1
23 168 1
23 237 2
23 248 1
23 284 2
23 352 1
23 397 1
23 453 1
23 463 1
23 646 1
23 671 1
23 707 4
23 813 1
23 815 1
23 852 1
23 873 2
23 879 7
23 880 1
23 883 8
23 893 1
23 952 1
23 996 1
23 1000 1
23 1058 1
23 1096 1
23 1101 1
23 1106 1
23 1124 1
23 1129 2
23 1197 1
23 1199 1
23 1215 1
23 1217 1
23 1267 1
23 1300 1
23 1329 1
23 1330 1
23 1348 1
23 1371 1
23 1384 1
23 1403 2
23 1416 1
23 1417 1
23 1427 1
23 1458 1
23 1567 1
23 1571 1
23 1575 1
23 1580 7
23 1582 4
23 1585 1
23 1587 1
23 1606 1
23 1611 1
23 1617 1
23 1662 1
23 1664 1
23 1710 1
23 1773 1
23 1777 2
23 1787 1
23 1790 1
23 1911 1
23 1919 1
23 1924 1
23 1926 1
23 1935 1
23 1939 1
23 1952 1
23 2011 2
23 2015 2
23 2016 1
23 2019 1
23 2021 2
23 2022 2
23 2088 1
23 2096 1
23 2097 1
23 2173 1
23 2211 1
23 2262 1
23 2275 1
23 2285 1
23 2286 3
23 2289 1
23 2328 1
23 2378 4
23 2392 1
23 2404 1
23 2406 3
23 2419 1
23 2492 1
23 2493 1
23 2495 1
23 2500 1
23 2515 1
23 2519 1
23 2564 1
23 2576 1
23 2594 1
23 2600 3
23 2601 1
23 2617 2
23 2632 1
23 2640 1
23 2678 1
23 2699 1
23 2706 1
23 2711 1
23 2715 1
23 2716 1
23 2718 1
23 2725 1
23 2759 2
23 2762 1
23 2791 1
23 2806 1
23 2812 1
23 2814 1
23 2880 1
23 2893 1
23 2901 2
23 2943 1
23 2953 2
23 2978 1
23 2983 1
23 2992 1
23 3122 1
23 3123 1
23 3141 1
23 3157 1
23 3170 3
23 3229 1
23 3230 3
23 3233 1
23 3239 7
23 3276 1
23 3295 1
23 3348 1
23 3350 1
23 3368 1
23 3392 1
23 3420 1
23 3528 1
23 3550 2
23 3572 1
23 3584 1
23 3613 1
23 3659 1
23 3676 1
23 3703 1
23 3740 1
23 3760 1
23 3761 1
23 3790 1
23 3846 1
23 3858 6
23 3886 1
23 3897 3
23 3913 1
23 3936 1
23 3973 1
23 3998 2
23 4005 1
23 4116 1
23 4117 1
23 4135 4
23 4136 1
23 4145 1
23 4231 1
23 4246 1
23 4254 1
23 4267 1
23 4281 1
23 4299 1
23 4324 1
23 4327 1
23 4346 1
23 4357 1
23 4375 1
23 4395 1
23 4432 2
23 4439 1
23 4442 1
23 4455 1
23 4494 4
23 4509 1
23 4521 1
23 4561 1
23 4627 8
23 4628 1
23 4630 1
23 4631 1
23 4634 2
23 4635 2
23 4685 1
23 4687 1
23 4759 1
23 4761 1
23 4791 2
23 4833 1
23 4926 1
23 4932 1
23 5003 1
23 5011 1
23 5012 1
23 5017 1
23 5022 1
23 5024 1
23 5036 2
23 5039 4
23 5086 1
23 5143 1
23 5161 1
23 5171 2
23 5172 1
23 5185 1
23 5203 1
23 5212 1
23 5220 1
23 5230 1
23 5234 1
23 5247 1
23 5276 2
23 5336 1
23 5369 1
23 5427 1
23 5487 1
23 5557 1
23 5583 1
23 5587 1
23 5657 1
23 5690 1
23 5767 1
23 5782 1
23 5790 1
23 5810 1
23 5877 1
23 5880 1
23 5907 1
23 5915 1
23 5956 1
23 5987 2
23 5993 1
23 6150 1
23 6156 1
23 6197 1
23 6203 1
23 6204 4
23 6255 1
23 6296 3
23 6299 1
23 6330 2
23 6347 1
23 6357 1
23 6374 1
23 6405 1
23 6416 11
23 6417 2
23 6433 1
23 6448 1
23 6464 1
23 6534 1
23 6643 1
23 6648 1
23 6651 1
23 6658 2
23 6661 1
23 6662 1
23 6668 1
23 6680 1
23 6689 1
23 6720 2
23 6760 1
23 6785 1
23 6837 2
23 6844 1
23 6851 1
23 6865 1
24 17 1
24 21 1
24 40 2
24 88 1
24 116 1
24 186 1
24 225 1
24 264 1
24 377 1
24 391 1
24 434 1
24 444 1
24 445 1
24 463 1
24 468 1
24 490 1
24 510 1
24 525 1
24 621 1
24 691 1
24 735 1
24 737 1
24 738 1
24 744 1
24 841 7
24 848 1
24 866 1
24 869 1
24 931 1
24 938 1
24 982 1
24 987 1
24 989 1
24 990 1
24 992 1
24 1031 2
24 1039 1
24 1051 4
24 1064 1
24 1079 1
24 1081 1
24 1110 1
24 1120 2
24 1155 1
24 1220 1
24 1334 1
24 1374 4
24 1467 1
24 1515 1
24 1516 1
24 1527 1
24 1642 2
24 1655 1
24 1664 2
24 1666 2
24 1743 1
24 1850 1
24 1951 1
24 2000 1
24 2011 1
24 2013 2
24 2030 2
24 2032 2
24 2044 1
24 2093 1
24 2173 1
24 2215 1
24 2227 1
24 2302 1
24 2318 1
24 2558 4
24 2559 1
24 2582 1
24 2600 2
24 2623 1
24 2633 5
24 2640 3
24 2654 3
24 2677 1
24 2703 2
24 2704 1
24 2706 1
24 2719 3
24 2871 1
24 2888 1
24 2909 3
24 2965 1
24 3005 2
24 3098 1
24 3339 1
24 3342 1
24 3350 4
24 3358 1
24 3420 5
24 3425 1
24 3433 1
24 3447 1
24 3458 1
24 3472 1
24 3518 1
24 3575 1
24 3593 1
24 3633 1
24 3665 1
24 3671 1
24 3717 1
24 3726 1
24 3727 1
24 3781 1
24 3831 1
24 3835 1
24 3837 1
24 3858 1
24 3889 1
24 3903 1
24 3913 1
24 3916 1
24 3934 1
24 3995 3
24 4004 1
24 4061 1
24 4073 1
24 4093 2
24 4116 1
24 4137 2
24 4149 1
24 4159 1
24 4169 3
24 4184 1
24 4188 1
24 4194 1
24 4196 10
24 4209 1
24 4212 1
24 4268 1
24 4285 1
24 4340 1
24 4396 1
24 4451 1
24 4454 1
24 4483 1
24 4546 1
24 4589 1
24 4632 2
24 4635 2
24 4644 1
24 4662 1
24 4683 1
24 4686 1
24 4724 1
24 4735 3
24 4736 1
24 4761 1
24 4764 2
24 4782 4
24 4858 1
24 4860 1
24 4941 1
24 4942 1
24 4945 1
24 4949 1
24 5015 2
24 5049 1
24 5173 1
24 5183 1
24 5185 1
24 5186 2
24 5187 1
24 5236 1
24 5289 1
24 5330 1
24 5342 1
24 5343 1
24 5375 1
24 5441 1
24 5481 1
24 5487 1
24 5511 1
24 5525 1
24 5528 1
24 5545 1
24 5552 2
24 5553 1
24 5555 5
24 5577 4
24 5587 1
24 5593 1
24 5651 1
24 5695 1
24 5734 1
24 5764 1
24 5776 1
24 5807 1
24 5840 1
24 5867 1
24 5890 1
24 5909 1
24 5914 1
24 5944 1
24 5955 1
24 5960 1
24 6067 2
24 6084 1
24 6088 1
24 6170 1
24 6203 2
24 6282 2
24 6284 1
24 6319 2
24 6333 1
24 6438 2
24 6450 1
24 6533 1
24 6543 1
24 6546 1
24 6562 1
24 6584 1
24 6604 3
24 6614 1
24 6621 1
24 6659 4
24 6660 1
24 6661 2
24 6664 3
24 6674 1
24 6689 5
24 6711 1
24 6714 1
24 6741 2
24 6784 1
24 6785 1
24 6796 1
24 6879 1
24 6901 1
25 238 2
25 290 1
25 307 1
25 316 1
25 463 1
25 634 1
25 879 1
25 1135 1
25 1154 1
25 1217 1
25 2021 1
25 2298 1
25 2494 3
25 2529 1
25 2778 1
25 3047 1
25 3121 1
25 3282 1
25 3284 1
25 3369 1
25 3374 1
25 3750 1
25 3754 1
25 3858 1
25 4082 1
25 4143 2
25 4187 1
25 4492 1
25 4556 1
25 4810 1
25 4834 1
25 4874 1
25 5077 1
25 5167 1
25 6006 1
25 6248 1
25 6615 1
26 78 1
26 89 1
26 200 1
26 238 2
26 284 2
26 290 1
26 307 1
26 316 1
26 337 1
26 397 3
26 444 1
26 463 1
26 583 1
26 626 9
26 634 1
26 708 1
26 841 9
26 847 2
26 879 1
26 1135 2
26 1154 1
26 1217 1
26 1218 1
26 1221 1
26 1258 2
26 1280 1
26 1359 1
26 1538 1
26 1571 1
26 1769 1
26 1773 1
26 2021 1
26 2275 2
26 2298 1
26 2494 2
26 2529 1
26 2778 1
26 2849 1
26 2968 1
26 3036 1
26 3047 1
26 3121 1
26 3282 1
26 3283 1
26 3284 1
26 3369 1
26 3374 1
26 3420 1
26 3477 7
26 3478 2
26 3535 1
26 3556 1
26 3573 1
26 3696 1
26 3750 1
26 3754 1
26 3757 1
26 3776 1
26 3858 1
26 3886 3
26 3887 1
26 4082 2
26 4143 3
26 4150 1
26 4187 2
26 4235 3
26 4337 1
26 4492 1
26 4494 1
26 4509 2
26 4556 1
26 4810 1
26 4834 1
26 4874 1
26 4900 1
26 4926 1
26 4960 1
26 4987 1
26 5077 1
26 5086 1
26 5145 1
26 5167 1
26 5408 1
26 5828 1
26 5841 1
26 6006 1
26 6022 1
26 6156 1
26 6248 1
26 6296 2
26 6299 1
26 6396 1
26 6569 1
26 6615 1
26 6682 1
27 89 1
27 138 1
27 238 1
27 248 1
27 284 1
27 444 1
27 463 1
27 841 5
27 847 1
27 849 1
27 893 1
27 1218 2
27 1258 2
27 1339 1
27 1359 1
27 1499 1
27 1501 1
27 1594 1
27 1656 1
27 1893 1
27 2069 1
27 2157 1
27 2422 1
27 2522 1
27 2554 1
27 2630 1
27 2640 1
27 2904 1
27 2968 1
27 3024 2
27 3295 1
27 3420 2
27 3422 1
27 3501 1
27 3506 1
27 3556 1
27 3713 1
27 3757 1
27 3900 1
27 4014 1
27 4073 1
27 4150 1
27 4264 1
27 4321 1
27 4382 1
27 4424 1
27 4494 3
27 4568 2
27 4623 1
27 4627 1
27 4651 3
27 4736 1
27 4857 1
27 4960 1
27 4961 2
27 5145 1
27 5474 2
27 5671 1
27 5738 1
27 5823 1
27 5828 1
27 6081 1
27 6296 1
27 6352 1
27 6454 1
27 6644 1
27 6648 1
28 33 1
28 80 1
28 82 1
28 138 1
28 238 1
28 248 1
28 253 1
28 463 1
28 512 3
28 879 2
28 893 1
28 922 2
28 1335 3
28 1336 1
28 1555 1
28 1611 1
28 1656 1
28 1769 1
28 1893 1
28 2069 1
28 2072 1
28 2181 1
28 2210 1
28 2269 2
28 2286 1
28 2539 1
28 2640 2
28 2728 1
28 2904 1
28 3238 1
28 3260 2
28 3295 1
28 3550 1
28 3630 1
28 3649 1
28 3713 1
28 4073 6
28 4074 2
28 4083 4
28 4120 1
28 4187 1
28 4321 1
28 4375 1
28 4442 2
28 4494 7
28 4535 7
28 4536 1
28 4627 1
28 4735 1
28 4815 1
28 4918 1
28 4962 1
28 5084 2
28 5120 1
28 5167 2
28 5168 1
28 5194 1
28 5200 1
28 5543 1
28 5582 1
28 5671 2
28 5674 1
28 5675 2
28 5680 1
28 5792 2
28 5891 1
28 6051 1
28 6107 1
28 6451 2
28 6461 1
28 6517 1
29 463 1
29 883 2
29 893 1
29 894 2
29 934 2
29 1472 2
29 1622 1
29 1666 1
29 1779 1
29 2031 1
29 2048 1
29 2080 1
29 2269 1
29 2356 1
29 2589 1
29 2742 1
29 2815 1
29 3005 2
29 3015 1
29 3025 1
29 3050 2
29 3088 1
29 3138 1
29 3236 1
29 3558 1
29 3584 2
29 3625 1
29 3754 1
29 3789 1
29 3998 1
29 4093 1
29 4205 1
29 4442 1
29 4632 1
29 4942 1
29 5003 1
29 5020 1
29 5185 2
29 5361 1
29 5604 1
29 5854 1
29 5887 1
29 5891 1
29 6050 2
29 6276 1
29 6296 1
29 6323 1
29 6327 1
29 6396 1
29 6539 1
29 6826 1
29 6837 1
29 6896 1
30 240 1
30 246 1
30 314 1
30 316 1
30 387 1
30 395 1
30 463 1
30 477 1
30 534 1
30 727 1
30 841 1
30 987 1
30 1124 1
30 1183 1
30 1635 1
30 1975 1
30 1996 1
30 1998 1
30 1999 4
30 2000 1
30 2031 1
30 2189 1
30 2263 1
30 2269 1
30 2285 1
30 2383 1
30 2404 1
30 2472 1
30 2492 1
30 2585 1
30 2678 1
30 2683 1
30 2725 1
30 2764 5
30 2806 1
30 3005 1
30 3096 1
30 3165 4
30 3350 1
30 3420 1
30 3431 1
30 3584 1
30 3652 1
30 3676 1
30 3754 1
30 3979 1
30 4090 1
30 4271 3
30 4498 2
30 4625 2
30 4703 1
30 4757 5
30 4785 2
30 4904 1
30 4992 3
30 5098 1
30 5157 1
30 5167 1
30 5200 1
30 5307 1
30 5361 1
30 5464 1
30 5604 1
30 5606 1
30 5724 1
30 5735 1
30 5873 6
30 5878 1
30 5887 1
30 6050 1
30 6126 1
30 6146 1
30 6164 1
30 6179 1
30 6261 3
30 6296 1
30 6333 1
30 6426 1
30 6695 2
30 6729 1
30 6843 1
30 6881 1
30 6896 1
31 147 1
31 246 1
31 387 1
31 463 1
31 534 1
31 709 1
31 934 1
31 1124 1
31 1129 1
31 1343 1
31 1417 1
31 1427 1
31 1567 2
31 1633 1
31 1952 2
31 1998 1
31 1999 1
31 2000 1
31 2269 1
31 2403 1
31 2472 1
31 2617 1
31 2640 1
31 2678 1
31 2683 1
31 2703 1
31 2725 1
31 2764 1
31 2806 1
31 2815 1
31 3004 1
31 3096 1
31 3165 1
31 3350 1
31 3420 4
31 3584 1
31 3752 1
31 3936 3
31 3998 1
31 4271 1
31 4357 1
31 4498 2
31 4509 1
31 4650 1
31 4738 1
31 4757 2
31 4761 2
31 4785 1
31 4904 1
31 4957 2
31 4992 1
31 5119 1
31 5167 1
31 5172 1
31 5185 1
31 5200 1
31 5606 1
31 5678 1
31 5724 1
31 5735 1
31 5828 1
31 5873 4
31 6126 1
31 6152 1
31 6164 1
31 6179 1
31 6206 1
31 6333 1
31 6343 1
31 6586 1
31 6640 2
31 6695 2
31 6729 1
31 6881 1
32 103 1
32 108 1
32 159 2
32 184 1
32 186 1
32 187 2
32 189 1
32 325 1
32 402 1
32 412 1
32 436 1
32 456 1
32 500 1
32 503 1
32 525 1
32 533 1
32 557 1
32 587 1
32 602 1
32 639 1
32 646 1
32 657 1
32 704 1
32 709 1
32 733 3
32 742 1
32 828 5
32 838 2
32 879 2
32 880 1
32 882 1
32 893 3
32 894 1
32 922 2
32 929 1
32 934 1
32 936 1
32 996 2
32 1124 4
32 1144 1
32 1173 2
32 1177 1
32 1231 2
32 1250 1
32 1291 1
32 1344 1
32 1350 1
32 1395 2
32 1524 1
32 1529 1
32 1538 1
32 1541 1
32 1550 3
32 1562 1
32 1571 1
32 1605 1
32 1622 1
32 1642 2
32 1655 7
32 1660 2
32 1663 6
32 1664 5
32 1666 4
32 1668 1
32 1674 2
32 1709 1
32 1772 1
32 1780 1
32 1900 1
32 1952 3
32 1965 1
32 1992 1
32 2021 1
32 2031 2
32 2173 1
32 2300 1
32 2333 1
32 2340 1
32 2371 1
32 2377 1
32 2385 1
32 2409 1
32 2460 1
32 2479 1
32 2480 1
32 2493 1
32 2605 2
32 2607 1
32 2619 1
32 2632 2
32 2640 1
32 2655 1
32 2678 1
32 2703 2
32 2711 1
32 2719 2
32 2720 1
32 2794 1
32 2838 1
32 2854 1
32 2887 1
32 2897 2
32 2900 2
32 2907 1
32 2953 3
32 3005 2
32 3070 1
32 3073 1
32 3129 1
32 3137 7
32 3141 2
32 3162 3
32 3219 1
32 3282 1
32 3299 1
32 3308 1
32 3310 1
32 3341 1
32 3344 1
32 3410 1
32 3412 1
32 3416 1
32 3420 3
32 3425 1
32 3454 5
32 3498 1
32 3502 2
32 3506 1
32 3507 1
32 3534 6
32 3538 1
32 3539 3
32 3548 10
32 3556 2
32 3558 1
32 3613 1
32 3630 1
32 3637 2
32 3645 1
32 3678 1
32 3696 1
32 3697 1
32 3701 2
32 3747 1
32 3749 1
32 3753 1
32 3768 1
32 3780 1
32 3786 1
32 3793 1
32 3801 1
32 3805 3
32 3858 1
32 3934 1
32 3993 4
32 3995 2
32 3998 3
32 3999 2
32 4016 2
32 4036 1
32 4056 1
32 4065 1
32 4086 2
32 4089 1
32 4117 1
32 4131 1
32 4133 1
32 4143 2
32 4173 1
32 4178 1
32 4202 3
32 4204 1
32 4205 2
32 4212 2
32 4247 1
32 4272 2
32 4324 1
32 4345 1
32 4359 1
32 4420 1
32 4434 1
32 4452 1
32 4497 3
32 4502 1
32 4534 1
32 4565 10
32 4568 4
32 4632 6
32 4634 3
32 4635 10
32 4707 1
32 4782 1
32 4863 2
32 4884 1
32 4907 1
32 4908 1
32 4926 1
32 4941 15
32 4950 1
32 4955 1
32 4957 1
32 4958 1
32 4975 1
32 4977 1
32 5003 1
32 5062 1
32 5120 1
32 5156 4
32 5185 10
32 5244 1
32 5246 1
32 5250 3
32 5253 1
32 5286 1
32 5295 1
32 5387 1
32 5420 1
32 5499 1
32 5517 11
32 5518 3
32 5552 11
32 5577 1
32 5643 1
32 5651 3
32 5656 1
32 5666 1
32 5751 1
32 5769 1
32 5772 1
32 5782 2
32 5792 2
32 5831 1
32 5840 2
32 5885 1
32 5891 4
32 5896 3
32 5952 1
32 5987 2
32 6051 2
32 6058 1
32 6062 1
32 6068 1
32 6079 1
32 6096 1
32 6115 2
32 6136 2
32 6137 1
32 6211 1
32 6217 1
32 6221 1
32 6288 4
32 6291 3
32 6296 1
32 6319 1
32 6328 1
32 6341 1
32 6357 1
32 6371 1
32 6374 1
32 6405 1
32 6438 2
32 6486 1
32 6617 1
32 6618 1
32 6650 1
32 6659 2
32 6662 1
32 6664 1
32 6745 5
32 6785 1
32 6799 1
32 6800 1
32 6837 1
32 6869 1
32 6901 1
33 145 1
33 463 1
33 990 1
33 1114 1
33 1296 1
33 1664 1
33 1732 1
33 1838 2
33 2008 1
33 2031 1
33 2082 1
33 2274 1
33 2348 1
33 3005 1
33 3138 1
33 3318 1
33 3344 1
33 3480 1
33 3491 1
33 3584 1
33 3952 1
33 3977 1
33 4046 1
33 4185 1
33 4268 1
33 4579 1
33 4586 1
33 4672 1
33 4688 1
33 4736 1
33 4941 3
33 4942 1
33 5176 1
33 5185 1
33 5576 1
33 5577 1
33 5686 1
33 5848 1
33 5959 1
33 5987 1
33 6025 1
33 6061 1
33 6150 1
33 6337 1
33 6342 1
33 6645 1
33 6666 1
33 6720 1
33 6785 1
33 6821 1
33 6822 2
33 6825 1
33 6884 1
33 6892 1
34 248 1
34 463 1
34 990 1
34 1114 1
34 1296 1
34 1664 1
34 1732 1
34 1838 2
34 2031 1
34 2082 1
34 2274 1
34 2348 1
34 2712 1
34 3005 1
34 3138 1
34 3318 1
34 3344 1
34 3480 1
34 3491 1
34 3580 1
34 3584 1
34 3977 1
34 4143 1
34 4225 1
34 4268 1
34 4586 1
34 4632 1
34 4736 1
34 4941 3
34 4942 1
34 5185 1
34 5577 1
34 5686 1
34 5987 1
34 6025 1
34 6061 1
34 6150 1
34 6337 1
34 6342 1
34 6645 1
34 6666 1
34 6720 1
34 6785 1
34 6822 2
34 6825 1
34 6884 1
34 6892 1
35 21 1
35 40 2
35 88 1
35 116 1
35 225 1
35 248 1
35 391 1
35 434 1
35 445 1
35 463 1
35 510 1
35 691 1
35 735 1
35 737 1
35 738 1
35 744 1
35 841 3
35 842 1
35 848 1
35 866 1
35 869 1
35 938 1
35 987 1
35 989 1
35 990 1
35 992 1
35 1064 1
35 1079 1
35 1081 1
35 1334 1
35 1467 1
35 1516 1
35 1632 1
35 1655 1
35 1664 1
35 1666 1
35 1850 1
35 1951 1
35 1989 4
35 2000 1
35 2030 1
35 2032 2
35 2093 1
35 2215 1
35 2227 1
35 2318 1
35 2559 1
35 2582 1
35 2640 2
35 2712 1
35 2719 2
35 2720 1
35 2965 1
35 3005 2
35 3137 1
35 3339 1
35 3420 3
35 3421 1
35 3433 1
35 3447 1
35 3458 1
35 3472 1
35 3534 1
35 3580 1
35 3593 1
35 3632 1
35 3665 1
35 3671 1
35 3717 1
35 3727 1
35 3786 2
35 3827 1
35 3858 1
35 3889 1
35 3903 1
35 3916 1
35 4004 1
35 4037 1
35 4073 1
35 4116 1
35 4143 2
35 4149 1
35 4150 1
35 4164 1
35 4194 1
35 4196 10
35 4225 2
35 4268 1
35 4285 1
35 4340 1
35 4451 1
35 4483 1
35 4497 2
35 4546 1
35 4589 1
35 4632 4
35 4635 3
35 4662 1
35 4686 1
35 4761 1
35 4858 1
35 4860 1
35 4886 1
35 4941 2
35 4942 1
35 4945 1
35 4949 1
35 5049 1
35 5070 1
35 5162 1
35 5183 1
35 5186 2
35 5187 1
35 5200 1
35 5244 1
35 5487 1
35 5528 1
35 5545 1
35 5552 2
35 5553 1
35 5725 2
35 5764 1
35 5840 1
35 5890 1
35 5903 1
35 5909 1
35 5914 1
35 5944 1
35 5955 1
35 5960 1
35 6067 2
35 6088 1
35 6284 1
35 6291 1
35 6403 1
35 6444 1
35 6543 1
35 6546 1
35 6562 1
35 6584 1
35 6659 3
35 6660 1
35 6661 2
35 6664 3
35 6674 1
35 6689 1
35 6711 1
35 6714 1
35 6785 1
36 48 1
36 60 1
36 89 1
36 105 1
36 158 1
36 282 1
36 335 1
36 387 1
36 463 1
36 592 1
36 604 1
36 801 1
36 1219 1
36 1273 1
36 1280 1
36 1605 1
36 1666 1
36 1674 1
36 1774 1
36 1786 1
36 2030 1
36 2181 1
36 2344 1
36 2513 1
36 2576 1
36 2618 1
36 2633 1
36 2640 1
36 2712 1
36 3033 1
36 3052 1
36 3084 2
36 3273 1
36 3316 1
36 3378 1
36 3429 1
36 3507 1
36 3549 1
36 3613 1
36 3632 1
36 3845 8
36 3886 1
36 3899 1
36 3939 1
36 4058 1
36 4093 1
36 4144 1
36 4196 2
36 4258 1
36 4296 1
36 4442 1
36 4460 1
36 4487 1
36 4497 7
36 4521 1
36 4632 4
36 4633 1
36 4738 1
36 4904 1
36 4936 1
36 5014 1
36 5186 1
36 5202 1
36 5207 1
36 5208 2
36 5226 1
36 5377 1
36 5555 1
36 5561 1
36 5779 1
36 5790 1
36 5808 1
36 5810 1
36 5840 1
36 5891 1
36 5909 2
36 5924 2
36 6057 1
36 6061 1
36 6062 1
36 6099 1
36 6123 1
36 6210 1
36 6299 1
36 6325 1
36 6443 1
36 6459 1
36 6754 1
36 6761 1
36 6903 1
37 237 2
37 387 1
37 463 1
37 644 1
37 841 1
37 842 1
37 894 1
37 1324 1
37 2030 1
37 2339 1
37 2640 2
37 2654 1
37 2745 1
37 3239 1
37 3350 1
37 3385 1
37 3420 1
37 3421 1
37 3597 1
37 3807 1
37 3818 1
37 3886 1
37 3899 1
37 3902 1
37 4073 1
37 4093 1
37 4442 1
37 4632 2
37 4735 1
37 4736 2
37 4941 1
37 4962 1
37 5014 1
37 5244 1
37 5377 1
37 5386 1
37 5555 2
37 5810 1
37 5909 1
37 5924 1
37 6061 1
37 6201 1
37 6299 1
37 6405 1
37 6443 1
37 6662 1
37 6903 3
38 174 1
38 213 1
38 275 1
38 276 1
38 277 1
38 395 4
38 463 1
38 545 4
38 644 1
38 709 1
38 841 2
38 973 2
38 991 1
38 1106 1
38 1127 1
38 1153 1
38 1186 1
38 1187 1
38 1188 1
38 1292 1
38 1315 1
38 1432 2
38 1467 1
38 1470 1
38 1518 1
38 1575 1
38 1630 1
38 1717 1
38 1803 1
38 1806 1
38 1881 1
38 1940 1
38 1986 1
38 1990 2
38 2030 1
38 2035 1
38 2084 1
38 2130 1
38 2164 3
38 2165 1
38 2218 1
38 2275 1
38 2449 2
38 2494 3
38 2638 1
38 2662 1
38 2686 1
38 2742 1
38 2865 1
38 2919 1
38 3005 1
38 3120 1
38 3282 1
38 3316 1
38 3362 1
38 3534 1
38 3636 1
38 3750 2
38 3864 1
38 3870 1
38 3873 1
38 3902 1
38 3917 2
38 3929 1
38 3995 1
38 4037 1
38 4098 1
38 4101 1
38 4136 1
38 4205 1
38 4264 2
38 4271 1
38 4369 2
38 4492 1
38 4585 1
38 4592 2
38 4620 1
38 4632 1
38 4666 1
38 4679 1
38 4735 1
38 4757 1
38 4816 1
38 4842 1
38 4884 1
38 4938 1
38 4972 1
38 5051 2
38 5098 2
38 5113 1
38 5171 1
38 5240 1
38 5257 1
38 5260 1
38 5304 1
38 5309 2
38 5384 2
38 5525 1
38 5558 1
38 5624 1
38 5677 1
38 5703 2
38 5708 1
38 5739 1
38 5791 1
38 5794 1
38 5814 1
38 5896 3
38 5901 2
38 5909 1
38 6061 1
38 6062 1
38 6249 1
38 6299 1
38 6355 1
38 6376 1
38 6390 1
38 6414 1
38 6420 3
38 6421 2
38 6432 1
38 6443 1
38 6521 2
38 6688 1
38 6689 3
38 6767 1
38 6828 1
38 6837 2
38 6880 1
38 6881 2
38 6884 1
39 150 1
39 174 1
39 186 1
39 281 1
39 463 1
39 495 1
39 500 2
39 534 2
39 535 7
39 582 1
39 595 1
39 622 2
39 644 1
39 774 2
39 841 1
39 879 2
39 954 1
39 1127 1
39 1349 1
39 1414 1
39 1416 1
39 1518 1
39 1656 6
39 1752 1
39 1940 1
39 1997 1
39 2000 2
39 2097 1
39 2158 2
39 2202 1
39 2267 1
39 2398 1
39 2497 1
39 2554 1
39 2601 1
39 2683 1
39 2703 1
39 2761 1
39 2834 1
39 2919 2
39 2944 3
39 3075 1
39 3161 1
39 3171 1
39 3173 1
39 3238 1
39 3282 1
39 3295 1
39 3385 1
39 3420 1
39 3558 1
39 3616 1
39 3791 1
39 3849 1
39 3858 1
39 3902 1
39 3936 5
39 4143 1
39 4188 1
39 4204 3
39 4205 1
39 4271 8
39 4311 1
39 4452 2
39 4482 1
39 4538 1
39 4624 1
39 4681 1
39 4709 1
39 4735 1
39 4756 2
39 4757 3
39 4892 1
39 4908 1
39 4991 1
39 5003 2
39 5051 2
39 5159 1
39 5202 1
39 5219 1
39 5691 1
39 5695 1
39 5963 1
39 6061 1
39 6077 1
39 6165 1
39 6190 2
39 6252 1
39 6296 2
39 6299 1
39 6414 1
39 6689 1
39 6828 2
39 6847 1
39 6851 1
39 6880 2
39 6881 1
39 6884 1
40 11 1
40 222 1
40 312 2
40 316 1
40 411 1
40 463 1
40 541 1
40 720 1
40 753 1
40 784 1
40 841 2
40 1008 1
40 1051 1
40 1280 1
40 1311 1
40 1374 3
40 1376 1
40 1417 1
40 1487 1
40 1610 1
40 1664 1
40 1780 1
40 2275 1
40 2294 1
40 2309 1
40 2323 1
40 2383 1
40 2456 1
40 2633 2
40 2640 1
40 2703 3
40 2758 1
40 2832 2
40 2880 1
40 2953 1
40 3005 1
40 3075 2
40 3096 1
40 3299 1
40 3301 1
40 3357 1
40 3497 1
40 3668 1
40 3692 1
40 3703 1
40 3752 1
40 3753 1
40 3985 1
40 3995 1
40 4005 1
40 4093 2
40 4143 2
40 4442 1
40 4494 1
40 4585 1
40 4597 1
40 4627 1
40 4735 2
40 4771 1
40 4801 1
40 4892 1
40 5009 1
40 5171 1
40 5185 3
40 5186 4
40 5299 3
40 5344 1
40 5565 1
40 5758 1
40 5852 1
40 5876 1
40 5967 1
40 6048 2
40 6061 1
40 6081 1
40 6127 1
40 6135 1
40 6432 1
40 6523 2
40 6539 1
40 6662 1
40 6767 1
40 6828 1
40 6857 1
40 6887 1
40 6895 1
41 38 1
41 222 1
41 246 1
41 411 1
41 463 1
41 620 1
41 682 1
41 784 3
41 841 5
41 847 1
41 1056 1
41 1126 1
41 1149 1
41 1376 1
41 1401 1
41 1562 1
41 1719 1
41 1773 1
41 1827 1
41 2000 1
41 2279 1
41 2323 1
41 2483 1
41 2588 1
41 2640 2
41 2654 1
41 2764 1
41 2865 1
41 2979 1
41 3137 1
41 3282 2
41 3301 1
41 3344 2
41 3350 2
41 3357 1
41 3420 4
41 3490 1
41 3613 1
41 3630 1
41 3634 1
41 3636 1
41 3692 1
41 3952 1
41 3968 1
41 4298 1
41 4625 1
41 4641 1
41 4735 1
41 4785 2
41 4892 1
41 4909 1
41 5009 2
41 5135 1
41 5186 1
41 5309 1
41 5337 1
41 5344 1
41 5920 1
41 6061 1
41 6451 1
41 6662 1
41 6666 1
41 6707 1
41 6760 1
41 6772 1
41 6834 1
42 6 1
42 145 1
42 186 1
42 463 1
42 468 1
42 470 1
42 525 1
42 618 1
42 841 1
42 879 2
42 894 1
42 918 1
42 960 1
42 971 1
42 1024 1
42 1066 1
42 1135 1
42 1140 1
42 1544 1
42 1566 1
42 1570 1
42 1664 1
42 1736 1
42 1774 1
42 1887 1
42 1904 2
42 2005 1
42 2008 1
42 2269 1
42 2529 1
42 2538 1
42 2638 1
42 2640 1
42 2783 1
42 2802 1
42 2846 1
42 3073 1
42 3244 1
42 3318 1
42 3350 1
42 3365 1
42 3420 1
42 3425 2
42 3506 1
42 3586 1
42 3643 1
42 3660 1
42 3719 1
42 3750 1
42 3802 1
42 3829 1
42 3831 1
42 3864 1
42 3952 1
42 4046 1
42 4092 1
42 4093 1
42 4106 1
42 4143 1
42 4185 1
42 4212 2
42 4453 1
42 4579 1
42 4672 1
42 4688 1
42 4738 1
42 4871 1
42 5156 1
42 5176 1
42 5185 1
42 5252 1
42 5286 1
42 5313 1
42 5321 1
42 5399 1
42 5551 2
42 5552 1
42 5563 1
42 5564 2
42 5659 1
42 5843 1
42 5848 1
42 5959 1
42 5965 4
42 6061 1
42 6062 1
42 6149 1
42 6204 1
42 6320 1
42 6696 1
42 6821 1
43 184 1
43 189 2
43 268 1
43 365 1
43 397 1
43 461 1
43 542 1
43 619 1
43 636 1
43 720 1
43 847 1
43 951 2
43 1120 1
43 1231 1
43 1296 1
43 1529 2
43 1550 1
43 1587 1
43 1600 1
43 1637 1
43 1650 1
43 1655 1
43 1664 1
43 1666 2
43 2031 2
43 2196 1
43 2260 1
43 2269 1
43 2383 1
43 2449 1
43 2470 1
43 2695 1
43 2703 1
43 2742 1
43 2931 1
43 3056 1
43 3146 1
43 3248 1
43 3413 1
43 3454 6
43 3537 2
43 3548 1
43 3637 1
43 3700 1
43 3873 1
43 3901 1
43 4003 1
43 4056 3
43 4113 1
43 4155 1
43 4178 1
43 4247 1
43 4272 1
43 4301 1
43 4441 1
43 4442 2
43 4526 1
43 4574 1
43 4782 1
43 4908 1
43 4926 1
43 5020 1
43 5062 1
43 5135 1
43 5185 1
43 5186 1
43 5250 1
43 5490 1
43 5552 3
43 5557 1
43 5792 1
43 5798 1
43 5891 1
43 5896 1
43 6051 1
43 6190 3
43 6191 2
43 6198 1
43 6271 1
43 6319 1
43 6328 1
43 6618 1
43 6761 1
43 6861 1
43 6894 2
44 75 1
44 175 2
44 463 1
44 500 1
44 706 1
44 841 1
44 1020 1
44 1024 2
44 1374 1
44 1761 1
44 1849 1
44 1911 1
44 2501 1
44 2554 1
44 2965 1
44 3119 1
44 3341 1
44 3634 1
44 4143 1
44 5823 1
44 5957 1
44 5958 1
44 6276 1
45 21 1
45 40 2
45 88 1
45 89 2
45 116 1
45 150 2
45 225 1
45 240 1
45 257 1
45 391 1
45 434 1
45 445 1
45 463 1
45 500 1
45 510 1
45 585 1
45 634 1
45 691 1
45 706 1
45 709 2
45 723 1
45 735 1
45 737 1
45 738 1
45 744 1
45 807 1
45 830 2
45 841 8
45 847 2
45 848 1
45 866 1
45 869 1
45 879 3
45 938 1
45 987 1
45 989 1
45 990 1
45 992 1
45 1024 1
45 1064 1
45 1079 1
45 1081 1
45 1101 1
45 1182 1
45 1206 1
45 1266 1
45 1296 2
45 1297 1
45 1334 1
45 1374 1
45 1444 1
45 1446 1
45 1467 1
45 1516 1
45 1521 4
45 1562 1
45 1655 1
45 1664 1
45 1666 5
45 1850 1
45 1874 1
45 1911 1
45 1940 1
45 1951 1
45 1959 1
45 1983 2
45 1996 1
45 1998 1
45 2000 1
45 2030 2
45 2032 2
45 2093 1
45 2215 1
45 2227 1
45 2298 1
45 2308 2
45 2318 1
45 2356 3
45 2522 2
45 2554 1
45 2559 1
45 2582 1
45 2620 1
45 2640 1
45 2716 1
45 2719 2
45 2915 1
45 2965 1
45 3005 2
45 3007 2
45 3124 1
45 3125 2
45 3129 1
45 3130 1
45 3295 1
45 3339 1
45 3358 1
45 3386 1
45 3420 3
45 3433 1
45 3447 1
45 3458 1
45 3472 1
45 3534 1
45 3558 1
45 3593 1
45 3665 1
45 3671 1
45 3717 1
45 3727 1
45 3858 1
45 3889 1
45 3903 1
45 3916 1
45 3917 3
45 3918 1
45 3936 1
45 3961 1
45 4004 1
45 4073 1
45 4116 1
45 4143 1
45 4149 1
45 4173 1
45 4194 1
45 4196 10
45 4205 1
45 4258 1
45 4264 1
45 4268 1
45 4285 1
45 4340 1
45 4345 1
45 4451 1
45 4475 3
45 4483 1
45 4497 13
45 4499 1
45 4509 1
45 4546 1
45 4589 1
45 4618 1
45 4624 1
45 4632 2
45 4635 3
45 4662 1
45 4686 1
45 4735 1
45 4736 1
45 4761 1
45 4858 1
45 4860 1
45 4941 1
45 4942 1
45 4945 1
45 4949 1
45 5017 1
45 5036 1
45 5049 1
45 5119 1
45 5120 1
45 5167 4
45 5172 1
45 5183 1
45 5185 4
45 5186 2
45 5187 1
45 5191 2
45 5224 1
45 5487 1
45 5528 1
45 5545 1
45 5552 2
45 5553 1
45 5604 3
45 5625 1
45 5698 1
45 5725 1
45 5764 1
45 5823 1
45 5840 1
45 5890 1
45 5909 1
45 5914 1
45 5944 1
45 5955 1
45 5960 1
45 6003 2
45 6067 2
45 6088 1
45 6166 1
45 6174 1
45 6182 9
45 6183 2
45 6185 1
45 6284 1
45 6333 2
45 6343 2
45 6432 1
45 6444 1
45 6543 1
45 6546 1
45 6562 1
45 6584 1
45 6659 3
45 6660 1
45 6661 2
45 6664 3
45 6674 1
45 6689 1
45 6711 1
45 6714 1
45 6771 1
45 6785 1
45 6837 1
45 6880 2
46 9 1
46 75 1
46 90 1
46 117 1
46 213 1
46 238 1
46 246 1
46 463 1
46 634 1
46 779 1
46 841 3
46 949 1
46 967 2
46 1215 1
46 1349 1
46 1630 1
46 1666 1
46 1733 1
46 1992 1
46 2030 1
46 2252 1
46 2356 1
46 2640 1
46 2654 1
46 3123 1
46 3153 1
46 3391 1
46 3442 1
46 3965 1
46 4046 1
46 4234 1
46 4302 2
46 4305 1
46 4307 3
46 4326 1
46 4452 1
46 4579 1
46 4585 1
46 4624 3
46 4625 1
46 4631 4
46 4737 1
46 4742 1
46 4781 1
46 5016 1
46 5051 1
46 5115 1
46 5176 1
46 5343 1
46 5482 5
46 5483 2
46 5485 4
46 5589 1
46 5676 1
46 5814 1
46 5820 1
46 5882 1
46 5894 1
46 5920 1
46 6296 1
46 6402 1
46 6701 1
46 6797 1
46 6823 1
46 6880 2
47 9 1
47 75 1
47 213 1
47 238 1
47 463 1
47 530 1
47 841 1
47 893 1
47 967 1
47 987 1
47 1231 1
47 1311 1
47 1349 2
47 1429 1
47 1565 1
47 1618 1
47 1666 1
47 1837 1
47 2031 1
47 2128 1
47 2241 1
47 2255 1
47 2640 1
47 2703 2
47 2870 1
47 3005 2
47 3137 1
47 3391 1
47 3442 1
47 3554 1
47 3591 2
47 3984 1
47 4046 1
47 4268 1
47 4301 1
47 4302 1
47 4307 1
47 4560 1
47 4579 1
47 4586 1
47 4624 2
47 4742 1
47 4761 2
47 4941 1
47 5051 1
47 5176 1
47 5185 1
47 5186 1
47 5241 1
47 5254 1
47 5412 1
47 5428 1
47 5429 1
47 5485 1
47 5517 3
47 5576 1
47 5589 1
47 5792 1
47 5794 1
47 5920 1
47 5987 1
47 6150 1
47 6268 1
47 6277 1
47 6289 1
47 6757 1
47 6823 1
47 6880 1
47 6887 3
48 197 1
48 238 1
48 284 1
48 387 1
48 397 1
48 463 2
48 504 1
48 555 1
48 756 1
48 812 1
48 841 2
48 1084 1
48 1154 1
48 1155 1
48 1157 1
48 1190 1
48 1349 1
48 1385 1
48 1401 1
48 1433 2
48 1620 1
48 1664 1
48 1787 1
48 2028 1
48 2031 1
48 2128 1
48 2255 1
48 2307 1
48 2478 2
48 2542 1
48 2614 1
48 2716 1
48 2754 1
48 2756 1
48 2794 1
48 2879 1
48 2963 1
48 3005 1
48 3083 1
48 3234 1
48 3282 2
48 3285 1
48 3374 1
48 3420 1
48 3442 1
48 3506 1
48 3917 1
48 4021 1
48 4034 1
48 4080 1
48 4150 1
48 4196 1
48 4231 1
48 4455 1
48 4572 1
48 4579 1
48 4592 1
48 4666 1
48 4683 1
48 4721 1
48 4735 1
48 4785 1
48 4832 1
48 4874 1
48 4884 1
48 4932 1
48 5094 1
48 5096 1
48 5143 1
48 5404 1
48 5411 1
48 5445 1
48 5531 1
48 5628 1
48 5660 1
48 5706 1
48 5773 2
48 5831 1
48 5866 1
48 6046 1
48 6057 1
48 6158 1
48 6205 1
48 6296 1
48 6334 1
48 6434 1
48 6451 1
48 6689 1
48 6760 1
48 6769 1
48 6884 2
48 6896 1
49 144 1
49 463 1
49 772 1
49 841 2
49 1007 1
49 1401 1
49 1532 1
49 2460 2
49 2478 1
49 2654 1
49 2784 1
49 2907 1
49 2944 1
49 3168 1
49 3299 1
49 3301 1
49 3308 1
49 3420 1
49 3442 1
49 3506 1
49 3684 1
49 3967 1
49 4048 1
49 4196 1
49 4455 1
49 4735 1
49 5143 1
49 5173 1
49 5493 1
49 5959 1
49 6004 1
49 6265 1
49 6321 1
49 6325 1
49 6451 1
49 6622 1
49 6689 1
49 6716 1
49 6760 1
49 6894 1
49 6896 1
50 108 3
50 285 1
50 291 2
50 295 1
50 329 1
50 413 1
50 463 1
50 496 2
50 500 1
50 541 1
50 576 1
50 841 11
50 847 2
50 871 1
50 879 2
50 893 1
50 894 3
50 967 1
50 989 1
50 997 1
50 1000 2
50 1007 2
50 1031 1
50 1126 2
50 1186 1
50 1221 1
50 1244 2
50 1374 2
50 1448 1
50 1511 1
50 1518 1
50 1525 1
50 1532 1
50 1664 3
50 1666 1
50 1695 1
50 1719 1
50 1844 1
50 1845 1
50 1941 1
50 2000 1
50 2030 3
50 2055 1
50 2107 1
50 2137 1
50 2174 1
50 2219 1
50 2335 1
50 2339 1
50 2340 2
50 2341 1
50 2342 1
50 2375 1
50 2460 2
50 2481 1
50 2554 1
50 2640 1
50 2654 1
50 2719 1
50 2822 1
50 2897 1
50 2955 1
50 2987 1
50 3033 1
50 3282 1
50 3301 5
50 3346 2
50 3390 1
50 3420 6
50 3421 1
50 3422 1
50 3498 1
50 3500 1
50 3697 1
50 3750 1
50 3752 3
50 3757 1
50 3778 5
50 3845 1
50 3876 1
50 3920 1
50 3939 1
50 3940 1
50 4026 1
50 4048 1
50 4073 1
50 4143 2
50 4185 1
50 4196 1
50 4311 2
50 4434 1
50 4494 3
50 4521 1
50 4539 1
50 4579 1
50 4582 1
50 4632 2
50 4679 1
50 4707 1
50 4735 1
50 4736 1
50 4737 1
50 4753 1
50 4771 1
50 4787 1
50 4820 2
50 4908 1
50 4926 1
50 4930 1
50 4941 3
50 5009 1
50 5072 1
50 5100 1
50 5120 1
50 5138 1
50 5167 2
50 5173 1
50 5180 1
50 5305 1
50 5359 1
50 5612 1
50 5739 2
50 5787 1
50 5870 1
50 5883 1
50 5920 1
50 5935 3
50 5992 2
50 6078 2
50 6080 1
50 6081 4
50 6102 1
50 6135 2
50 6255 1
50 6282 1
50 6284 1
50 6321 1
50 6478 1
50 6486 1
50 6566 1
50 6622 1
50 6638 1
50 6644 1
50 6659 4
50 6662 8
50 6711 1
50 6773 1
50 6785 7
